{
  "Contig Stats": {
    "L10": 3026,
    "L20": 6877,
    "L30": 11379,
    "L40": 16541,
    "L50": 22452,
    "N10": 16807,
    "N20": 14060,
    "N30": 12198,
    "N40": 10683,
    "N50": 9286,
    "gc_content": 57.484813515099155,
    "longest": 35005,
    "mean": 6547.7485007954965,
    "median": 5575.0,
    "sequence_count": 89881,
    "shortest": 500,
    "total_bps": 588518183
  },
  "Scaffold Stats": {
    "L10": 3026,
    "L20": 6877,
    "L30": 11379,
    "L40": 16541,
    "L50": 22452,
    "N10": 16807,
    "N20": 14060,
    "N30": 12198,
    "N40": 10683,
    "N50": 9286,
    "gc_content": 57.484813515099155,
    "longest": 35005,
    "mean": 6547.7485007954965,
    "median": 5575.0,
    "sequence_count": 89881,
    "shortest": 500,
    "total_bps": 588518183
  }
}
